crop <- list(
  TSUMEM = 120,
  TSUM1 = 1000,
  TSUM2 = 950,
  Tbase = 0,
  DVSI = 0,
  DVSEND = 2,
  SLA = 0.00212,
  RML = 0.030,
  RMO = 0.010,
  RMR = 0.0150,
  RMS = 0.0150,
  FLTB = c(0.000, 0.650,
           0.100, 0.650,
           0.250, 0.700,
           0.500, 0.500,
           0.646, 0.300,
           0.950, 0.000,
           2.000, 0.000),
  FSTB = c(0.000, 0.350,
           0.100, 0.350,
           0.250, 0.300,
           0.500, 0.500,
           0.646, 0.700,
           0.950, 1.000,
           1.000, 0.000,
           2.000, 0.000),
  FRTB = c(0.000, 0.500,
            0.100, 0.500,
            0.200, 0.400,
            0.350, 0.220,
            0.400, 0.170,
            0.500, 0.130,
            0.700, 0.070,
            0.900, 0.030,
            1.200, 0.000,
            2.000, 0.000),
  FOTB = c(0.000, 0.000,
           0.950, 0.000,
           1.000, 1.000,
           2.000, 1.000),
  RGRLAI = 0.0082,
  Q10 = 2.0
)